4564
0.0126317,2
0.024102,2
0.0470489,2
0.0699959,2
0.0930927,2
0.1158835,2
0.1273537,2
0.1503007,2
0.1733389,2
0.1962793,2
0.2191352,2
0.2420822,2
0.2536696,2
0.2764995,2
0.2995181,2
0.3223935,2
0.3454837,2
0.3581192,2
0.3638478,2
0.3797643,2
0.4027047,2
0.4257234,2
0.4486834,2
0.4600625,2
0.483016,2
0.5059565,2
0.5290207,2
0.551844,2
0.574791,2
0.586411,2
0.6092083,1
0.6321553,1
0.6551739,2
0.6780428,2
0.6895261,2
0.7125577,2
0.7354071,2
0.7583541,2
0.781301,4
0.8043717,7
0.8156141,10
0.838815,11
0.8616188,12
0.8845723,12
0.9074998,13
0.9189766,13
0.9419236,13
0.9648706,14
0.9880064,16
1.0107646,18
1.0337116,21
1.0451688,22
1.068246,23
1.0912191,25
1.1140163,26
1.1369634,28
1.1483164,30
1.1713806,32
1.1943341,33
1.2172681,34
1.2402151,35
1.2517765,35
1.2746324,35
1.297651,36
1.320611,36
1.3437338,36
1.3677223,36
1.373451,36
1.3779622,36
1.4008376,36
1.4237782,37
1.4467252,37
1.4696657,37
1.4810643,37
1.5040829,37
1.5271275,37
1.5499769,37
1.5729239,37
1.5960141,37
1.6074584,37
1.6302882,37
1.6532287,37
1.6761757,37
1.6991292,37
1.7105864,37
1.7335399,36
1.7564869,36
1.7794339,35
1.8024786,33
1.8137275,31
1.8369349,28
1.8597452,24
1.8828159,21
1.9056262,17
1.9285797,14
1.94005,12
1.9629904,11
1.9860286,10
2.0089691,10
2.0318315,10
2.0433082,10
2.0662552,10
2.0894431,10
2.1121427,10
2.1350832,10
2.1581539,10
2.169507,9
2.192454,9
2.2154726,9
2.238335,9
2.261282,8
2.2727588,8
2.2957774,7
2.3186463,7
2.3417365,7
2.3658357,7
2.3669814,6
2.3715643,5
2.3874612,5
2.3987362,4
2.4220217,3
2.4449296,2
2.467792,1
2.4906349,1
2.5021182,1
2.5251498,1
2.5480968,1
2.5710438,1
2.594134,1
2.6053504,1
2.6284015,1
2.7316598,1
2.7546068,1
2.7775473,1
2.8005008,1
2.8234413,1
2.8350548,1
2.8578651,1
2.8808186,1
2.9037526,1
2.9266996,1
2.9497442,1
2.961234,1
2.9840703,1
3.007089,1
3.0299579,1
3.0528983,1
3.0643686,1
3.0874653,1
3.1102626,1
3.1332096,1
3.1561501,1
3.1791036,1
3.1904697,1
3.213612,1
3.2365786,1
3.2594019,1
3.2823489,1
3.2938972,1
3.3167661,1
3.339941,1
3.3639686,2
3.3651143,2
3.3696972,1
3.3856136,1
3.3970709,1
3.4200244,1
3.4429714,1
3.4659119,1
3.4889631,1
3.5119231,1
3.5232436,1
3.5462232,1
3.5691702,1
3.5922604,1
3.6150577,1
3.6265344,1
3.6494814,1
3.6724219,1
3.6953754,1
3.718316,1
3.7412564,1
3.7528178,1
3.7757974,1
3.7986337,1
3.8215677,1
3.8446579,1
3.8558808,1
3.878945,1
3.901879,1
3.924826,1
3.947773,1
3.9592432,1
3.9821967,1
4.0052153,1
4.02826,1
4.0511419,1
4.0739717,1
4.0855917,1
4.108389,1
4.131336,1
4.154283,1
4.17723,1
4.1885961,1
4.2116473,1
4.2346659,1
4.2575283,1
4.2804753,1
4.3035915,1
4.3150097,1
4.3379762,1
4.362095,2
4.3632407,2
4.3678236,1
4.38374,1
4.4066806,1
4.4181508,1
4.4410978,1
4.4641164,1
4.4869918,1
4.5099323,1
4.5328793,1
4.5443496,1
4.5673942,1
4.590504,1
4.613184,1
4.6361311,1
4.6476078,1
4.6705483,1
4.6935864,1
4.7164423,1
4.7393828,1
4.7508596,1
4.7738066,1
4.7967536,1
4.8196941,1
4.8428754,1
4.8657053,1
4.8770714,1
4.9000119,1
4.9229524,1
4.9458994,1
4.9688399,1
4.9803231,1
5.0032636,1
5.0262822,1
5.0491511,1
5.0720981,1
5.0951949,1
5.1065024,1
5.1295796,1
5.1524094,1
5.1753564,1
5.1983099,1
5.2097671,1
5.2327142,1
5.2556547,1
5.2786017,1
5.3016203,1
5.3244957,1
5.3361026,1
5.360306,2
5.3614517,2
5.3660346,1
5.3819641,1
5.4049241,1
5.4277474,1
5.4391135,1
5.4621712,1
5.4851247,1
5.5080587,1
5.5310057,1
5.5424759,1
5.5654229,1
5.5885132,1
5.6113104,1
5.6342575,1
5.6573021,1
5.6687919,1
5.6916282,1
5.7145687,1
5.7375092,1
5.7604562,1
5.7720371,1
5.79488,1
5.8178205,1
5.8409042,1
5.8637145,1
5.886668,1
5.8981252,1
5.9211764,1
5.9441429,1
5.9669727,1
5.9899263,1
6.0013835,1
6.0244151,1
6.0473621,1
6.0702245,1
6.0933212,1
6.1045311,1
6.1275888,1
6.1505293,1
6.1734763,1
6.1965274,1
6.2194875,1
6.2308405,1
6.2538592,1
6.276728,1
6.2997466,1
6.3226221,1
6.3342355,1
6.3583478,2
6.3594935,2
6.3640764,1
6.3799928,1
6.4029333,1
6.4258738,1
6.4488208,1
6.4603822,1
6.4834464,1
6.5061851,1
6.5291321,2
6.5520791,4
6.5635493,6
6.5866461,8
6.6094433,9
6.6323903,11
6.6553308,13
6.6782844,15
6.6896504,18
6.7127862,19
6.7357398,19
6.7587128,21
6.7815361,22
6.7930128,22
6.8159468,22
6.8390371,22
6.8618409,22
6.8848009,23
6.8962581,24
6.9192117,24
6.9421586,24
6.9650991,24
6.9880526,24
7.0110843,25
7.0224373,26
7.045495,26
7.0683509,27
7.0914476,27
7.1142449,27
7.1257151,27
7.1486622,27
7.1716092,27
7.1945627,27
7.2175032,27
7.2404437,28
7.2519139,28
7.2748609,29
7.2980878,29
7.3207484,29
7.3438387,29
7.3563635,29
7.3575092,29
7.3620921,29
7.3782103,29
7.4010662,29
7.4240067,29
7.4469602,29
7.4584174,29
7.481384,29
7.504318,29
7.527265,30
7.550212,30
7.5733738,30
7.5847789,30
7.6075762,30
7.6305232,30
7.6534637,30
7.6764107,30
7.6877768,30
7.710828,30
7.733775,30
7.756722,30
7.779669,30
7.802616,31
7.8140863,31
7.8373848,31
7.8599738,31
7.8829273,31
7.9058678,31
7.917338,32
7.940285,32
7.9632255,32
7.986179,32
8.0091195,32
8.0320666,33
8.0436149,33
8.0665684,33
8.089574,33
8.1125861,33
8.1353248,33
8.146782,33
8.1697356,33
8.1926956,33
8.2156295,33
8.2385766,33
8.2500468,33
8.2730654,33
8.2960059,33
8.3188748,33
8.3419585,34
8.3660773,34
8.367223,34
8.3718059,34
8.376532,34
8.399186,34
8.4221331,34
8.4450801,34
8.4680206,34
8.4795103,34
8.502529,34
8.5253913,34
8.5483383,34
8.5712854,34
8.5943691,34
8.6055854,34
8.6286431,34
8.6517984,34
8.6745371,34
8.6974907,34
8.7089479,34
8.7319795,34
8.7548484,34
8.7777889,34
8.8007359,34
8.8236764,35
8.8352963,35
8.8581002,35
8.8810536,35
8.9039876,35
8.9271495,35
8.9383724,35
8.9613584,35
8.9843119,35
9.0072524,36
9.0301929,36
9.0416697,36
9.0646883,36
9.0877069,36
9.1104977,36
9.1334447,36
9.1563917,36
9.1678619,36
9.1909326,36
9.2138471,36
9.2366964,36
9.2596434,36
9.2712374,36
9.2941323,36
9.3170012,36
9.3400914,36
9.3642037,36
9.3653494,36
9.3699323,36
9.3858487,36
9.3973971,36
9.4202595,36
9.4432065,36
9.4662706,36
9.4892046,36
9.5005707,36
9.5235112,36
9.5464647,36
9.5694052,36
9.5924955,37
9.6037118,37
9.6267695,37
9.6497165,37
9.6726635,37
9.695617,37
9.7185445,37
9.7301449,37
9.7530594,37
9.7759153,37
9.7988688,37
9.8218093,37
9.8334162,37
9.8562265,37
9.87918,37
9.902114,37
9.925061,37
9.948008,37
9.9594783,37
9.9824318,37
10.0054895,37
10.0284039,37
10.0512663,37
10.0628147,37
10.0859179,37
10.108624,37
10.1315711,37
10.1545115,37
10.1774585,37
10.1888246,37
10.2118758,37
10.2348228,37
10.2577698,37
10.280834,37
10.2924409,37
10.3151341,37
10.3382178,37
10.36233,37
10.3634757,37
10.3680586,31
10.3839751,31
10.3954323,18
10.4183858,10
10.4413328,5
10.4642733,3
10.4872269,2
10.5101673,2
10.5215074,2
10.5447018,2
10.5676162,2
10.5906218,2
10.6134126,1
10.6248893,1
10.6478364,1
10.6707769,1
10.6937369,1
10.7166709,1
10.7396179,1
10.7511728,1
10.7740351,1
10.7969887,1
10.8200463,1
10.8431105,1
10.8542227,1
10.8772999,1
10.9002404,1
10.9231809,1
10.9461279,1
10.9690749,1
10.9805581,1
11.0034922,1
11.0264392,1
11.0493797,1
11.0724113,1
11.0841485,1
11.1067439,1
11.1297885,1
11.1526379,1
11.1755849,1
11.186951,1
11.2100022,1
11.2329427,1
11.2558897,1
11.2788432,1
11.3019399,1
11.3132474,1
11.3363377,1
11.3605671,2
11.3617128,2
11.3662957,1
11.382095,1
11.4051266,1
11.4165838,1
11.4394527,1
11.4623997,1
11.4853532,1
11.5082937,1
11.5313123,1
11.542711,1
11.5656515,1
11.5887482,1
11.6115455,1
11.6346097,1
11.6459627,1
11.6690009,1
11.6918633,1
11.7147972,1
11.7377443,1
11.7492145,1
11.7721615,1
11.795115,1
11.818049,1
11.8411392,1
11.8639495,1
11.8754263,1
11.898484,1
11.9213073,1
11.9443519,1
11.9672013,1
11.9786195,1
12.0016185,1
12.0245655,1
12.047506,1
12.0704531,1
12.0936344,1
12.1048442,1
12.1278173,1
12.1507643,1
12.1738285,1
12.1966648,1
12.2082197,1
12.2310756,1
12.2540161,1
12.2769696,1
12.2999882,1
12.3228506,1
12.334464,1
12.3585763,2
12.359722,2
12.3643049,1
12.3802213,1
12.4031553,1
12.426187,1
12.4375921,1
12.4605261,1
12.4835773,1
12.5064136,1
12.5293606,1
12.5409155,1
12.5637779,1
12.5868746,1
12.6096654,1
12.6326124,1
12.6555594,1
12.6670296,1
12.6899831,1
12.7130473,1
12.7358706,1
12.7589088,1
12.7702488,1
12.7932414,1
12.8161754,1
12.8392656,1
12.8620694,1
12.8850294,1
12.8964867,1
12.9194402,1
12.9423806,1
12.9653277,1
12.9884049,1
12.9997384,1
13.0226854,1
13.0457236,1
13.0685794,1
13.0917543,1
13.1145581,1
13.1259502,1
13.1488842,1
13.1718312,1
13.1947912,1
13.2177252,1
13.229202,1
13.2522661,1
13.275096,1
13.2981146,1
13.3211527,1
13.3325839,1
13.3567027,2
13.3578484,2
13.3624313,1
13.3783477,1
13.4012817,1
13.4242352,1
13.4471822,1
13.4586395,1
13.4815995,1
13.50454,1
13.5276042,1
13.5505121,1
13.5619107,1
13.5850986,1
13.6077982,1
13.6307387,1
13.6536858,1
13.6766262,1
13.6880184,1
13.711037,1
13.7339905,1
13.7569375,1
13.7799691,1
13.7914915,1
13.8143018,1
13.837392,1
13.8602934,1
13.8831493,1
13.8946065,1
13.9175666,1
13.9405136,1
13.963454,1
13.9864076,1
14.009348,1
14.0207011,1
14.0437588,1
14.0668295,1
14.089809,1
14.1126779,1
14.1242523,1
14.1470171,1
14.1699641,1
14.1929176,1
14.2158581,1
14.2387986,1
14.2502688,1
14.2732158,1
14.2962344,1
14.3191099,1
14.3423107,1
14.3547184,2
14.3558641,2
14.360447,1
14.3764741,1
14.3995058,1
14.4223551,1
14.4453867,1
14.4682491,1
14.4797324,1
14.5026729,1
14.5256199,2
14.5485604,3
14.5715074,5
14.5831273,6
14.6060418,8
14.6288716,11
14.6518187,13
14.6748633,16
14.6861122,18
14.7091829,19
14.7321299,20
14.7550704,21
14.7780174,22
14.8009709,22
14.8124281,22
14.8355184,22
14.8583287,23
14.8814059,24
14.9042162,24
14.9156929,24
14.9386399,25
14.9616781,25
14.984534,25
15.0074809,25
15.0304214,26
15.0418982,26
15.0648322,27
15.0879354,27
15.1108108,27
15.1337644,27
15.1452736,28
15.168097,28
15.1910505,29
15.213991,29
15.2370291,29
15.2598785,29
15.2712315,29
15.2943738,29
15.3172362,29
15.3404046,30
15.3644322,30
15.3655779,30
15.3701608,30
15.3746786,30
15.397541,30
15.4206117,30
15.443435,30
15.4663885,31
15.4778653,31
15.5009034,31
15.5237528,31
15.5466933,31
15.5697249,31
15.592737,31
15.6039469,31
15.6270045,31
15.649945,31
15.672892,31
15.6959692,31
15.7073093,31
15.7302563,31
15.7532033,32
15.7762479,32
15.7991819,32
15.8220378,32
15.8336578,32
15.856455,32
15.8794085,32
15.9023491,32
15.9252895,32
15.9366556,32
15.9598305,32
15.9826668,32
16.0056008,33
16.0285478,33
16.0401092,33
16.0629651,33
16.0860618,33
16.1088591,33
16.1318777,33
16.1547466,33
16.1662234,33
16.1891769,33
16.2121108,33
16.235175,33
16.2580048,33
16.2693579,33
16.2924937,33
16.3154603,33
16.3384528,33
16.3625586,33
16.3637043,33
16.3682872,33
16.3842101,34
16.3956674,34
16.4186144,34
16.4415549,34
16.4645865,34
16.4874619,34
16.4990428,34
16.5218726,34
16.5448196,34
16.5677601,34
16.590948,34
16.6136541,34
16.6251244,34
16.6480714,34
16.6710184,34
16.6939719,34
16.7169124,34
16.7283696,34
16.7513297,35
16.7743873,35
16.7972237,35
16.8201577,34
16.8317776,34
16.8546791,35
16.8775349,35
16.9004754,35
16.9234224,35
16.9463629,35
16.9578397,35
16.9807932,35
17.0037272,35
17.0266742,35
17.0497384,35
17.0610914,35
17.0841882,35
17.1069789,35
17.1301017,35
17.1529641,35
17.17582,35
17.1872121,35
17.2102307,35
17.2331842,35
17.2561312,35
17.2790717,35
17.2906266,35
17.3136062,35
17.3365792,35
17.3607696,35
17.3619153,35
17.3664982,35
17.38233,35
17.3938914,35
17.4167407,35
17.4396812,35
17.4626348,35
17.4855883,35
17.5085288,35
17.5198949,36
17.5429525,36
17.565893,36
17.5891851,36
17.611787,36
17.6232573,36
17.6461978,36
17.6692424,36
17.6920983,36
17.7150323,36
17.7379793,36
17.7494105,36
17.7723965,36
17.7953501,36
17.8183687,36
17.8413743,36
17.8527143,36
17.8756613,36
17.8986018,36
17.9215488,36
17.944587,36
17.9674363,36
17.9789196,36
18.0018536,36
18.0248006,36
18.0477411,36
18.0706881,36
18.0823146,36
18.1051119,36
18.1281695,36
18.151084,36
18.1739463,36
18.1853125,36
18.2084547,36
18.2313106,36
18.2542511,36
18.2772046,31
18.3002232,18
18.3116154,10
18.3346991,10
18.3588113,6
18.359957,4
18.3645399,2
18.3804564,2
18.4035076,2
18.4148606,2
18.4378076,2
18.4607546,1
18.4838774,1
18.5066486,1
18.5295891,1
18.5410659,1
18.5640129,1
18.5871031,1
18.6099004,1
18.6328474,1
18.6443177,1
18.6673818,1
18.6902182,1
18.7131521,1
18.7360992,1
18.7591373,1
18.7703862,1
18.7934764,1
18.8164104,1
18.8395006,1
18.8621872,1
18.8737486,1
18.8967217,1
18.9196622,1
18.9427264,1
18.9655497,1
18.9770329,1
18.9999734,1
19.0229139,1
19.0459651,1
19.0688145,1
19.0919047,1
19.1031211,1
19.1261787,1
19.1491973,1
19.1721509,1
19.1950132,1
19.2066007,1
19.229424,1
19.252371,1
19.275318,1
19.2983366,1
19.3213031,1
19.3328255,1
19.3569377,2
19.3580834,2
19.3626663,1
19.3786609,1
19.4015167,1
19.4244637,1
19.4360707,1
19.458881,1
19.4819517,1
19.504775,1
19.527722,1
19.5391923,1
19.5621393,1
19.5853206,1
19.6081049,1
19.6309673,1
19.6539143,1
19.665391,1
19.6883445,1
19.7112785,1
19.7342255,1
19.7572897,1
19.7685386,1
19.7916028,1
19.8145368,1
19.8377051,1
19.8605154,1
19.8833843,1
19.894796,1
19.9177951,1
19.9407356,1
19.9636761,1
19.9866426,1
19.9980998,1
20.021164,1
20.0439938,1
20.0669408,1
20.0900375,1
20.1128284,1
20.1243897,1
20.1472456,1
20.1702772,1
20.1931461,1
20.2160801,1
20.2275503,1
20.2504974,1
20.2734509,1
20.2965867,1
20.3193384,1
20.3309518,1
20.3550641,2
20.3562098,2
20.3607927,1
20.3767091,1
20.3997408,1
20.4225836,1
20.4455306,1
20.4570074,1
20.4799609,1
20.5029795,1
20.5258484,1
20.5487889,1
20.5603828,1
20.5833559,1
20.6061532,1
20.6291001,1
20.6520471,1
20.6750853,1
20.6863472,1
20.7094049,1
20.7323519,1
20.7552989,1
20.7782459,1
20.7897227,1
20.8126632,1
20.8358706,1
20.8585572,1
20.8815107,1
20.9044447,1
20.9158759,1
20.9388684,1
20.9619066,1
20.9847625,1
21.007703,1
21.0190821,1
21.0421202,1
21.0650672,1
21.088164,1
21.1110719,1
21.122425,1
21.145372,1
21.1683906,1
21.1913571,1
21.2142065,1
21.2372511,1
21.2486237,1
21.2715773,1
21.2945959,1
21.3174647,1
21.3405485,1
21.3530798,2
21.3542255,2
21.3588084,1
21.3749527,1
21.3978476,1
21.42071,1
21.443657,1
21.466604,1
21.4780808,1
21.5011124,1
21.5239683,1
21.5469153,1
21.5698623,1
21.5814823,1
21.6042795,1
21.6272981,1
21.6502842,1
21.673114,1
21.684721,1
21.7075313,1
21.7304783,1
21.7534253,1
21.7764635,1
21.7993258,1
21.8107831,1
21.8338733,1
21.8567682,1
21.8796371,1
21.9025776,1
21.914165,1
21.9369949,1
21.9599353,1
21.9828954,1
22.0058293,1
22.0287699,1
22.0403312,1
22.0631871,1
22.0862838,1
22.1090811,1
22.1320281,1
22.1434984,1
22.1664454,1
22.1896007,1
22.2123394,1
22.2352799,1
22.2582269,1
22.2698273,1
22.2927223,1
22.3156823,1
22.3386748,1
22.3627936,2
22.3639393,2
22.3685222,2
22.3730335,2
22.3959024,3
22.4188364,5
22.4417899,9
22.4648541,12
22.4762071,14
22.4991607,16
22.5221793,18
22.5450482,19
22.5679952,20
22.5911831,22
22.6022888,24
22.6253594,25
22.6482999,25
22.6712469,24
22.6942005,24
22.7056707,25
22.7287349,25
22.7515452,26
22.7745052,26
22.7974587,26
22.8203992,26
22.8320062,26
22.8548165,26
22.8778611,27
22.900704,27
22.923651,27
22.935004,28
22.9580682,28
22.9810218,28
23.0040794,28
23.0269093,29
23.0498563,29
23.0613265,29
23.0844232,29
23.1072205,28
23.130161,28
23.1531991,29
23.1645783,29
23.1876164,30
23.2105569,30
23.2334193,30
23.2563663,30
23.2678365,30
23.2908551,30
23.3137306,30
23.3368143,31
23.3609265,31
23.3620722,31
23.3666551,31
23.3825716,31
23.3940288,31
23.4171515,31
23.4399163,31
23.4628633,31
23.4858233,31
23.4972805,32
23.520221,32
23.5432982,32
23.5661281,32
23.5892118,32
23.6120091,32
23.6234858,32
23.6465044,32
23.6693798,32
23.6924245,32
23.7152673,32
23.7267376,32
23.7496846,32
23.7726251,33
23.7955786,33
23.8186362,33
23.8301391,33
23.8529428,33
23.875981,33
23.8988304,33
23.9217839,33
23.9447243,33
23.9562858,33
23.9791481,33
24.0020886,33
24.0250356,33
24.0479761,33
24.0594529,33
24.0826668,33
24.1053404,33
24.1282874,33
24.1512344,33
24.1741814,33
24.1857883,34
24.2086767,34
24.2316368,34
24.2544796,34
24.2774332,34
24.2889815,34
24.3118504,34
24.3349406,34
24.3591636,34
24.3603093,34
24.3648922,34
24.3806914,34
24.4036254,34
24.4151087,34
24.4380427,34
24.4609897,35
24.4839432,35
24.5069748,35
24.5182237,35
24.541379,35
24.564248,35
24.5873382,35
24.6101354,35
24.6217294,35
24.6445527,35
24.6675062,35
24.6904597,35
24.7133937,35
24.7363407,35
24.747811,35
24.770758,35
24.7938091,35
24.8166455,36
24.8397422,36
24.8509586,36
24.8740228,36
24.8970804,36
24.9199038,36
24.9428507,36
24.9657977,36
24.9772745,36
25.000215,36
25.0231555,36
25.0461025,36
25.0691407,36
25.0806695,36
25.1034668,36
25.1264138,36
25.1493608,36
25.1724249,36
25.1836739,36
25.2067966,36
25.2297567,36
25.2526125,36
25.2755595,36
25.2985782,36
25.3099768,36
25.3331582,36
25.3571793,36
25.358325,36
25.3629079,36
25.3788178,36
25.4017583,36
25.4132285,36
25.4363839,37
25.4591226,37
25.4820761,37
25.5051338,37
25.5279441,37
25.5394273,37
25.5623808,37
25.585471,37
25.608353,37
25.6312088,37
25.6426791,37
25.6657107,37
25.6885796,37
25.7116373,37
25.7344606,37
25.7574076,37
25.7687607,37
25.7918314,37
25.8147719,37
25.8378555,37
25.8606659,37
25.8722403,37
25.8951678,37
25.9180431,37
25.9409901,38
25.9639372,38
25.9756613,38
25.9983414,38
26.0212819,38
26.0442289,38
26.0671759,38
26.0902726,38
26.1014825,38
26.1245402,38
26.1475783,38
26.1704277,38
26.1933877,38
26.2048449,38
26.2278765,38
26.2508561,38
26.2736859,37
26.2967045,37
26.3195734,37
26.3311869,37
26.3552991,36
26.3564448,34
26.3610277,21
26.3769442,21
26.3998782,9
26.4229163,3
26.4341652,1
26.4572359,1
26.4801894,1
26.5031299,1
26.5261876,1
26.549024,1
26.5605853,1
26.5835974,1
26.6065119,1
26.6293222,1
26.6522757,1
26.6637459,1
26.6864846,1
26.7097311,1
26.732587,1
26.7555274,1
26.7668805,1
26.7900424,1
26.8128917,1
26.8359819,1
26.8587857,1
26.8817458,1
26.893203,1
26.91615,1
26.9390905,1
26.962044,1
26.9850887,1
26.9964613,1
27.0194018,1
27.0423488,1
27.0654129,1
27.0883925,1
27.1111833,1
27.12266,1
27.1456005,1
27.1685475,1
27.1915076,1
27.2144415,1
27.2259899,1
27.2490411,1
27.2718058,1
27.2948244,1
27.3176933,1
27.3294304,1
27.353419,2
27.3545647,2
27.3591476,1
27.3750641,1
27.3979981,1
27.420945,1
27.4438921,1
27.4554404,1
27.4783158,1
27.5012498,1
27.524288,1
27.5471438,1
27.5586141,1
27.5817108,1
27.6046252,1
27.6274551,1
27.6503956,1
27.6733491,1
27.6848063,1
27.7077663,1
27.7307134,1
27.7536604,1
27.7766074,1
27.7881817,1
27.8110181,1
27.8341018,1
27.8569121,1
27.8799893,1
27.9027996,1
27.914361,1
27.9372169,1
27.9601639,1
27.9831174,1
28.0060644,1
28.0176583,1
28.0404817,1
28.0635133,1
28.0865189,1
28.1093162,1
28.1207864,1
28.1438506,1
28.1666739,1
28.1896274,1
28.2125679,1
28.2355865,1
28.2470698,1
28.2699387,1
28.2929508,1
28.3158197,1
28.3390075,1
28.3514282,2
28.352574,2
28.3571568,1
28.3731904,1
28.3961309,1
28.4191951,1
28.442025,1
28.4650436,1
28.4764422,1
28.4993827,1
28.5223232,1
28.5452702,1
28.5682172,1
28.5799218,1
28.6026279,1
28.6256791,1
28.6485285,1
28.6714755,1
28.6946308,1
28.7058927,1
28.7288332,1
28.7517802,1
28.7747272,1
28.7976808,1
28.809138,1
28.8322347,1
28.8550385,1
28.877992,1
28.9010236,1
28.9124028,1
28.9353498,1
28.958414,1
28.9812438,1
29.0041843,1
29.0271313,1
29.0386015,1
29.0615485,1
29.0846452,1
29.107436,1
29.130383,1
29.1418598,1
29.1648979,1
29.1877538,1
29.2106943,1
29.2337585,1
29.2566664,1
29.2680325,1
29.2910772,1
29.3139461,1
29.3370363,1
29.3611485,2
29.3622943,2
29.3668771,1
29.3713884,1
29.3942573,1
29.4172043,1
29.4402425,1
29.4630918,1
29.4746532,1
29.4976263,1
29.5204496,1
29.5433966,1
29.5663436,1
29.5895184,1
29.6006502,1
29.6237078,1
29.6466549,1
29.6696019,1
29.6925554,1
29.7041949,1
29.7269596,1
29.7499066,1
29.7729708,1
29.7958071,1
29.8187476,1
29.8303611,1
29.8531714,1
29.8761249,1
29.8990589,1
29.9219994,1
29.9334566,1
29.9564232,1
29.9794678,1
30.0023107,1
30.0252577,1
30.0483218,1
30.0596749,1
30.0827716,1
30.1055624,1
30.1285094,1
30.1514564,1
30.1629267,1
30.1858802,1
30.2088207,1
30.2317677,1
30.254884,1
30.2661459,1
30.2892101,1
30.3121896,1
30.3351627,1
30.3592749,2
30.3604206,2
30.3650035,1
30.38092,1
30.3923772,1
30.4153242,1
30.4382712,1
30.4612182,1
30.4842498,1
30.4956355,1
30.518576,2
30.5416206,4
30.56447,8
30.5876839,11
30.6103705,15
30.6218407,16
30.6447878,16
30.6677282,18
30.6906883,20
30.7137069,20
30.725099,20
30.7480395,20
30.7709865,21
30.79394,21
30.8169716,22
30.8399642,23
30.8512978,23
30.8742513,24
30.8971918,25
30.9201323,25
30.9431639,25
30.954556,25
30.9775096,25
31.0004436,25
31.0233906,25
31.0463375,26
31.0578078,26
31.0809957,27
31.1036953,27
31.1267595,27
31.1495893,26
31.1725363,26
31.1839089,27
31.2069536,27
31.2299006,27
31.2528476,27
31.2758792,28
31.2874211,29
31.3102053,29
31.3332956,29
31.3574989,28
31.3586447,28
31.3632276,28
31.3790463,29
31.402104,29
31.4134571,29
31.4364106,29
31.4593511,30
31.4823046,30
31.5052386,30
31.5165917,30
31.5396624,30
31.5626029,30
31.5856931,30
31.6085815,30
31.6200648,30
31.6429141,30
31.6659783,30
31.6888211,30
31.7117486,31
31.7346956,31
31.7461659,31
31.7691129,31
31.7920664,31
31.8150069,31
31.8380906,31
31.8493135,31
31.8723777,32
31.8954093,32
31.9182587,32
31.9413294,32
31.9641527,32
31.9756359,32
31.9985699,32
32.0215234,32
32.0444574,32
32.0674044,32
32.0790309,32
32.1018217,32
32.1247752,32
32.1477157,32
32.1707603,32
32.1936162,32
32.2051971,33
32.228027,33
32.2509674,33
32.2739991,33
32.2970177,33
32.3083317,33
32.3314219,33
32.3555342,33
32.3566799,33
32.3612628,33
32.3771793,33
32.4001197,33
32.411577,33
32.4346281,33
32.4574775,33
32.4805482,33
32.5034431,33
32.526312,33
32.5377822,34
32.5607227,34
32.5838195,34
32.6066168,34
32.6295638,34
32.641034,34
32.663981,34
32.6869345,34
32.7099727,34
32.7329067,34
32.7558862,34
32.7671286,34
32.7901928,34
32.8131333,34
32.836217,34
32.8590273,34
32.8705041,34
32.8934446,34
32.916385,34
32.9393321,35
32.9623637,35
32.9853302,35
32.9966963,35
33.0197605,35
33.0425903,35
33.0655308,34
33.0886341,34
33.0998374,35
33.1228951,35
33.1458421,35
33.1687826,35
33.1917426,35
33.2031998,35
33.2261468,35
33.2491915,35
33.2720474,35
33.2952613,35
33.3179284,35
33.3295483,35
33.3536606,35
33.3548063,35
33.3593892,35
33.3753057,35
33.3982461,35
33.4211931,36
33.4325462,36
33.4556039,36
33.4785639,36
33.5014979,36
33.524536,36
33.5473854,36
33.5589728,36
33.5819459,36
33.6047431,36
33.6277813,36
33.6506437,36
33.6621009,36
33.6850609,36
33.7080014,36
33.7309419,36
33.7538954,36
33.7654959,36
33.7884103,36
33.8112532,36
33.8344605,36
33.8571472,36
33.8801072,36
33.8915644,36
33.9145114,36
33.9374584,36
33.9604055,36
33.9833524,36
33.9948227,36
34.0177697,36
34.0407102,36
34.0637549,36
34.0867539,36
34.1096684,36
34.1210215,36
34.143962,36
34.1669155,36
34.189869,36
34.212803,36
34.2242732,36
34.2472202,36
34.2701672,36
34.293277,36
34.3161459,35
34.3392426,35
34.3516568,31
34.3528025,21
34.3573854,11
34.3735492,11
34.3963595,6
34.4193065,3
34.4422535,2
34.4537238,1
34.4766773,1
34.4996178,1
34.5226364,1
34.5453881,1
34.5569495,1
34.5800657,1
34.602863,1
34.6259012,1
34.6488742,1
34.671704,1
34.6830831,1
34.7061213,1
34.7290683,1
34.7520869,1
34.7749558,1
34.7864391,1
34.8093796,1
34.8324633,1
34.8552671,1
34.8782206,1
34.9012522,1
34.912755,1
34.9355783,1
34.9585253,1
34.9815635,1
35.0044129,1
35.0160068,1
35.0388301,1
35.0617771,1
35.0848738,1
35.1076711,1
35.1191479,1
35.1420884,1
35.1651265,1
35.188106,1
35.2109294,1
35.2338764,1
35.2453466,1
35.2682936,1
35.2913122,1
35.3142657,1
35.3372648,1
35.3497962,2
35.3509419,2
35.3555248,1
35.3715454,1
35.3944794,1
35.4174329,1
35.4404775,1
35.4634441,1
35.4748102,1
35.4977441,1
35.5206847,1
35.5436317,1
35.5665722,1
35.5781921,1
35.6009829,1
35.6239299,1
35.6469615,1
35.6698304,1
35.692784,1
35.7043388,1
35.7273054,1
35.7501352,1
35.7730822,1
35.7960357,1
35.8075059,1
35.8305897,1
35.8534,1
35.8763535,1
35.8992875,1
35.9107577,1
35.9337047,1
35.9566517,1
35.9797029,1
36.0026629,1
36.0254862,1
36.0369565,1
36.0599035,1
36.0830002,1
36.105791,1
36.1287445,1
36.1402147,1
36.1631618,1
36.1861153,1
36.2090493,1
36.2319962,1
36.2550344,1
36.26642,1
36.2894386,1
36.3123856,1
36.3354759,1
36.3595035,2
36.3606492,2
36.3652321,1
36.3697499,1
36.3926123,1
36.4155593,1
36.4385063,1
36.4614468,1
36.4844003,1
36.4958705,1
36.518811,1
36.542038,1
36.5646985,1
36.5877888,1
36.5989986,1
36.6220628,1
36.6450033,1
36.6679568,1
36.6909103,1
36.7023676,1
36.7253211,1
36.7482681,1
36.7712867,1
36.7941621,1
36.8173109,1
36.828716,1
36.8515199,1
36.8744799,1
36.8974138,1
36.9203609,1
36.9319548,1
36.9547781,1
36.9777316,1
37.0007502,1
37.0236126,1
37.0465596,1
37.0580364,1
37.0813414,1
37.1039239,1
37.1268709,1
37.1498179,1
37.1612881,1
37.1842416,1
37.2071756,1
37.2301226,1
37.2530696,1
37.2644552,1
37.287565,1
37.3104339,1
37.3336022,1
37.3578382,2
37.3589839,2
37.3635668,1
37.3792749,1
37.3907452,1
37.4136857,1
37.4366327,1
37.4595797,1
37.4825332,1
37.4939904,1
37.5169374,1
37.5398909,1
37.5628249,1
37.5859152,1
37.6087124,1
37.6203975,1
37.6431297,1
37.6661613,1
37.6890367,1
37.7119772,1
37.7234475,1
37.7463945,1
37.7693415,1
37.7922885,1
37.815229,1
37.8383192,1
37.8495356,1
37.8726063,1
37.8957485,1
37.9184872,1
37.9414277,1
37.9529045,1
37.975858,1
37.9987985,1
38.021739,1
38.044686,1
38.0561563,1
38.079253,1
38.1020503,1
38.1249908,1
38.1479378,1
38.1710931,1
38.1822378,1
38.205302,1
38.228249,1
38.251196,1
38.274143,1
38.2856849,1
38.3085603,1
38.3317221,1
38.3558409,2
38.3569866,2
38.3615695,1
38.3774013,1
38.4003418,1
38.411812,1
38.4348762,2
38.4578037,5
38.4806596,8
38.5036001,11
38.5149662,14
38.5380238,18
38.5610425,20
38.5840481,21
38.6068453,21
38.6297923,22
38.6412626,23
38.6642096,23
38.6871696,23
38.7102208,23
38.7331482,23
38.7445208,24
38.7674679,25
38.790506,26
38.8133553,26
38.8364456,26
38.8476684,26
38.8707327,26
38.8936796,26
38.9166201,26
38.9395671,27
38.9625076,28
38.9741146,28
38.9970225,28
39.0199565,29
39.0428189,29
39.0657659,28
39.0773859,28
39.1001832,29
39.1231302,29
39.1460707,29
39.1690242,29
39.1919712,29
39.2034284,29
39.2263819,29
39.2494461,29
39.2723736,29
39.295288,29
39.3066932,30
39.3297834,30
39.3539738,30
39.3551195,30
39.3597024,30
39.3755342,30
39.3984747,30
39.4099449,30
39.432892,30
39.455839,31
39.478786,31
39.5017265,31
39.5247906,31
39.5362414,31
39.5590907,31
39.5821744,31
39.6049717,31
39.6279187,31
39.6393955,31
39.662336,31
39.6853741,31
39.7082365,32
39.731177,32
39.754124,32
39.7654771,32
39.7886714,32
39.8115859,32
39.8345785,32
39.8573888,32
39.868859,33
39.8917995,33
39.9147465,33
39.937687,33
39.960634,33
39.9835875,33
39.9950578,33
40.0180048,33
40.0409453,33
40.0640095,33
40.0870802,33
40.0981924,33
40.1212566,33
40.1441971,33
40.1671441,33
40.1900976,34
40.2015548,34
40.2245083,34
40.2474553,34
40.2704024,34
40.2934209,34
40.3162898,34
40.3280205,34
40.3520937,34
40.3532394,34
40.3578223,34
40.3738364,34
40.3965946,34
40.4195416,34
40.4311355,34
40.4539588,34
40.4769124,34
40.4998529,34
40.5227999,34
40.5457469,34
40.5572171,34
40.5803855,34
40.6032218,34
40.6260451,34
40.6490898,34
40.6604624,34
40.6834159,34
40.7063629,34
40.7293034,34
40.7522504,34
40.7751974,34
40.7866742,35
40.8096928,35
40.8327049,35
40.8555087,35
40.8785794,35
40.8899324,35
40.9129706,35
40.9358199,35
40.9587669,35
40.9817139,35
40.9931842,35
41.0161312,35
41.0391628,35
41.0620187,36
41.0851154,36
41.1079127,36
41.1193699,36
41.1424406,36
41.1652704,36
41.1883216,36
41.2111579,36
41.2226347,36
41.2455817,36
41.2685287,36
41.2915473,36
41.3144097,36
41.3374999,36
41.3500313,36
41.351177,36
41.3557599,36
41.3718716,36
41.394721,36
41.4177852,36
41.440615,36
41.4521764,36
41.4750387,36
41.4979792,36
41.5209262,36
41.5438732,36
41.5553305,36
41.5784337,36
41.6012245,36
41.6241715,36
41.647112,36
41.6700655,36
41.6817831,36
41.7045674,36
41.7275209,36
41.7503768,37
41.7733238,37
41.7848006,37
41.807741,37
41.8308248,37
41.8536351,37
41.8765886,37
41.8995226,37
41.9109993,37
41.9339463,37
41.957004,37
41.9798468,37
42.0028785,37
42.0141534,37
42.0371981,37
42.0601386,37
42.0832418,37
42.1060326,37
42.1289796,37
42.1404498,37
42.1633969,37
42.1863504,37
42.2092843,37
42.2323485,37
42.2437016,37
42.2666551,37
42.2897649,36
42.3125361,36
42.3356263,36
42.3481577,29
42.3493034,14
42.3538863,7
42.3699915,7
42.3929385,4
42.4157879,2
42.4387349,1
42.4616819,1
42.4731586,1
42.4962163,1
42.5190462,1
42.5419866,1
42.5650313,1
42.5765536,1
42.599429,1
42.6222914,1
42.6452384,1
42.6681854,1
42.6911324,1
42.7026027,1
42.7255496,1
42.7484967,1
42.7715609,1
42.7943972,1
42.8058544,1
42.8291269,1
42.8517549,1
42.8745978,1
42.8976424,1
42.9205895,1
42.9321899,1
42.9550132,1
42.9779667,1
43.0009007,1
43.0238412,1
43.0354417,1
43.0583496,1
43.0813552,1
43.1042436,1
43.1270995,1
43.1385697,1
43.1615167,1
43.1844703,1
43.2074042,1
43.2303577,1
43.2532982,1
43.2649052,1
43.2877936,1
43.3107797,1
43.3337527,1
43.357865,2
43.3590107,2
43.3635936,1
43.3682025,1
43.3910519,1
43.4139208,1
43.4368613,1
43.4598083,1
43.4827618,1
43.494219,1
43.5171725,1
43.540113,1
43.56306,1
43.5862739,1
43.5973666,1
43.6204178,1
43.6434559,1
43.6663118,1
43.6892588,1
43.7007291,1
43.7237607,1
43.7466231,1
43.7695701,1
43.7925171,1
43.8154576,1
43.8270775,1
43.849992,1
43.8728348,1
43.8957753,1
43.9188135,1
43.9300884,1
43.9531331,1
43.9760866,1
43.9990271,1
44.0219676,1
44.0449146,1
44.0563914,1
44.0794816,1
44.1022789,1
44.125343,1
44.1481729,1
44.1596431,1
44.1825966,1
44.2056283,1
44.2284776,1
44.2514246,1
44.2743716,1
44.28592,1
44.3087889,1
44.3318726,1
44.3559914,2
44.3571371,2
44.36172,1
44.3776299,1
44.3892955,1
44.4121253,1
44.4349877,1
44.4579347,1
44.4809793,1
44.4923519,1
44.5152989,1
44.5382459,1
44.5611864,1
44.5842832,1
44.6070739,1
44.6186223,1
44.6414912,1
44.6645554,1
44.6873852,1
44.7103257,1
44.7218025,1
44.7448471,1
44.7676965,1
44.79065,1
44.813584,1
44.8366742,1
44.8479817,1
44.8709612,1
44.8938952,1
44.9168422,1
44.9399064,1
44.9512595,1
44.974213,1
44.9971535,1
45.0201916,1
45.0430475,1
45.0545178,1
45.0776991,1
45.1004053,1
45.1233522,1
45.1462993,1
45.1692398,1
45.1806124,1
45.2037807,1
45.2266105,1
45.249551,1
45.272498,1
45.284144,1
45.3069153,1
45.329999,1
45.3541178,2
45.3552635,2
45.3598464,1
45.3757628,1
45.3987749,1
45.4102517,1
45.4331206,1
45.4560611,1
45.4791318,1
45.5019421,1
45.5135425,1
45.5363658,1
45.5594039,1
45.5824031,1
45.6052003,1
45.6282189,1
45.6396176,1
45.6625646,1
45.6855181,1
45.7084521,1
45.7313991,1
45.7430777,1
45.7658229,1
45.7887764,1
45.8117169,1
45.8348982,1
45.8460104,1
45.8690877,1
45.8920281,1
45.9149752,1
45.9379156,1
45.9608626,1
45.9723394,1
45.9952734,1
46.0183441,1
46.0411739,1
46.0641144,1
46.0757344,1
46.0985317,1
46.1215763,1
46.1444257,1
46.1673727,1
46.1903197,1
46.2017899,1
46.2247369,1
46.2476774,1
46.2706244,1
46.2937667,1
46.3050417,1
46.3281319,1
46.3522442,2
46.3533899,2
46.3579728,1
46.3738892,1
46.3969078,1
46.4198483,1
46.4312144,1
46.4541875,1
46.477141,1
46.500075,1
46.5230285,2
46.5344987,3
46.5575629,4
46.580536,8
46.6033332,12
46.6262802,16
46.6378351,18
46.6607886,18
46.683651,19
46.706585,20
46.7295255,21
46.7525636,21
46.7638451,22
46.7869028,22
46.8098433,22
46.8330507,22
46.8557373,22
46.8672987,23
46.890161,24
46.9131015,24
46.9361397,24
46.958989,24
46.9819491,25
46.9934063,25
47.0163598,25
47.0393068,25
47.0622473,25
47.085344,26
47.0967492,26
47.1196116,26
47.142552,26
47.1655056,26
47.1884526,27
47.200014,27
47.2228633,27
47.2458103,27
47.2687573,27
47.291776,27
47.3146448,27
47.3262648,28
47.3503771,28
47.3515228,28
47.3561057,28
47.3721393,28
47.3949496,28
47.4179877,28
47.4293538,28
47.4523204,28
47.475365,28
47.4982144,28
47.5211549,28
47.5441019,29
47.5555721,29
47.5786689,29
47.6014661,29
47.6244132,29
47.6475489,29
47.6588239,30
47.6817774,30
47.7047114,30
47.7276584,30
47.7506966,30
47.7735589,30
47.7850357,30
47.8079762,30
47.8310599,30
47.8538702,30
47.8768888,31
47.8882809,31
47.9113516,31
47.9341749,31
47.9571154,31
47.980069,31
47.9915392,31
48.0145839,31
48.0374267,31
48.0603802,32
48.0834704,32
48.1063523,32
48.117738,32
48.140685,32
48.163632,32
48.1867027,32
48.209513,32
48.2209962,32
48.2439367,32
48.2668902,32
48.29,32
48.3127777,32
48.3358615,32
48.3483928,32
48.3495385,32
48.3541214,32
48.3701485,32
48.393089,32
48.416036,32
48.4390546,32
48.4506551,32
48.4734003,32
48.4963408,32
48.5192813,33
48.5422283,33
48.5652664,33
48.5767887,33
48.5995925,33
48.622533,33
48.64548,33
48.668427,33
48.6800275,33
48.7028378,33
48.725902,33
48.7487318,34
48.7717504,34
48.7831621,34
48.8060961,34
48.8292774,34
48.8519836,34
48.8749436,34
48.8978776,34
48.9093543,34
48.9323013,34
48.9552483,34
48.9782019,34
49.0012595,34
49.0125019,34
49.0355596,34
49.0585001,34
49.0815968,34
49.1044917,34
49.1273411,34
49.1388114,34
49.1617584,34
49.1847119,35
49.2076459,35
49.2305929,35
49.2420696,35
49.2651338,35
49.2880353,35
49.3108976,35
49.3339879,35
49.3465127,35
49.3476584,35
49.3522413,35
49.3683661,35
49.3912089,35
49.4141494,35
49.437181,35
49.460128,35
49.4715267,35
49.4944607,35
49.5174077,35
49.5404719,35
49.5633017,35
49.5749217,35
49.5977189,35
49.6206594,35
49.6437041,35
49.6666316,35
49.689507,35
49.7009642,35
49.7239112,35
49.7468582,35
49.7698052,35
49.7927652,35
49.8043461,35
49.8273192,36
49.8501165,36
49.87307,36
49.8960886,36
49.9190486,36
49.9303301,36
49.9533682,36
49.9763217,36
49.9992623,36
50.0222092,36
50.0336795,36
50.0566265,36
50.0798404,36
50.1025205,36
50.1255391,36
50.1369378,36
50.1598783,36
50.1828318,36
50.2058634,36
50.2287193,36
50.2516728,36
50.2630259,36
50.2861617,36
50.3090305,36
50.3321208,36
50.3563437,35
50.3574894,31
50.3620723,19
50.366499,19
50.3893353,9
50.4122758,4
50.4352228,2
50.4582414,1
50.481208,1
50.4925871,1
50.5155276,1
50.538468,1
50.5614216,1
50.5845118,1
50.5957217,1
50.618903,1
50.6417263,1
50.6646734,1
50.6876203,1
50.7104437,1
50.7220767,1
50.7450757,1
50.7679186,1
50.7908461,1
50.8138126,1
50.8254326,1
50.8482364,1
50.8711899,1
50.8942476,1
50.9170774,1
50.9286713,1
50.9514947,1
50.9744481,1
50.9973821,1
51.0204268,1
51.0432761,1
51.0547464,1
51.0778431,1
51.1006404,1
51.1235874,1
51.1465344,1
51.1581218,1
51.1809582,1
51.2038922,1
51.2268392,1
51.2497862,1
51.2727332,1
51.2843727,1
51.3071439,1
51.3302342,1
51.3543399,3
51.3554856,3
51.3600685,1
51.3759915,1
51.3874487,1
51.4103957,1
51.4334664,1
51.4563678,1
51.4793344,1
51.4907069,1
51.513654,1
51.536601,1
51.5596456,1
51.5826382,1
51.6054355,1
51.6169122,1
51.6398527,1
51.6627932,1
51.6858314,1
51.7088044,1
51.7201575,1
51.7431045,1
51.766045,1
51.789005,1
51.8119455,1
51.8351269,1
51.8462456,1
51.8693163,1
51.8922568,1
51.9152754,1
51.9381443,1
51.9496211,1
51.9726917,1
51.995502,1
52.0184555,1
52.0414025,1
52.0643496,1
52.0759695,1
52.0987668,1
52.1218049,1
52.1447389,1
52.1676013,1
52.1792018,1
52.2020121,1
52.2249591,1
52.2480233,1
52.2708596,1
52.282408,1
52.3052703,1
52.3283606,1
52.3524728,3
52.3536185,3
52.3582014,1
52.3741178,1
52.3971495,1
52.4085286,1
52.4314756,1
52.4544161,1
52.4774543,1
52.5003101,1
52.5120212,1
52.5347274,1
52.5576744,1
52.5807646,1
52.6035619,1
52.6265089,1
52.6379791,1
52.6610173,1
52.6838797,1
52.7068071,1
52.7297542,1
52.7412244,1
52.7641714,1
52.7872421,1
52.81015,1
52.8331556,1
52.844385,1
52.8674427,1
52.8903832,1
52.9133302,1
52.9363683,1
52.9592177,1
52.9707009,1
52.9936349,1
53.016582,1
53.0395289,1
53.0625866,1
53.0740959,1
53.0968932,1
53.1198402,1
53.1427807,1
53.1657277,1
53.1886812,1
53.2002361,1
53.223092,1
53.246039,1
53.268986,1
53.2920046,1
53.3033967,1
53.3266041,1
53.3505992,3
53.3517449,3
53.3563278,1
53.3722442,1
53.3951848,1
53.4181318,1
53.4297322,1
53.4525425,1
53.4756653,1
53.4985212,1
53.521377,1
53.5328538,1
53.5558008,1
53.578891,1
53.6018055,1
53.6246353,1
53.6361055,1
53.6590526,1
53.6820061,1
53.7050182,1
53.7278805,1
53.7509252,1
53.7621741,1
53.7852578,1
53.8081918,1
53.831282,1
53.8540923,1
53.8656863,1
53.8885096,1
53.9114566,1
53.9344752,1
53.9573441,1
53.9802976,1
53.9917549,1
54.0147084,1
54.0377465,1
54.0605959,1
54.0836926,1
54.0949024,1
54.1179601,1
54.1410243,1
54.1639387,1
54.1868076,1
54.2097416,1
54.2212184,1
54.2441589,1
54.2671124,1
54.290131,1
54.313091,1
54.3246134,1
54.3487256,3
54.3498713,3
54.3544542,1
54.3703707,1
54.3933047,1
54.4163688,1
54.4276373,1
54.4506689,1
54.4736224,1
54.496641,2
54.5195099,3
54.5424569,6
54.5539272,8
54.5771151,9
54.5998147,11
54.6227617,13
54.6457087,14
54.6571854,15
54.6802562,17
54.7030795,18
54.7260135,19
54.7489605,20
54.7719075,20
54.7833907,21
54.8063247,22
54.8294996,22
54.8523099,22
54.8751722,23
54.8866425,23
54.9095895,23
54.93253,23
54.9556007,24
54.9784305,24
54.9898877,24
55.0128413,23
55.0357817,23
55.0587288,24
55.081832,25
55.1046228,25
55.1161842,25
55.13904,25
55.161987,25
55.1849406,26
55.2078745,26
55.2194684,26
55.2422983,26
55.2652453,26
55.2882639,26
55.3111328,26
55.334223,26
55.3467413,26
55.3478871,26
55.3524699,26
55.3684971,27
55.3915352,27
55.4143846,27
55.4373316,27
55.4488018,27
55.4717553,27
55.4948911,27
55.5177275,27
55.5405833,27
55.5635303,27
55.5751438,27
55.5979476,28
55.6208881,28
55.6438416,28
55.6668798,28
55.6781287,28
55.7011994,28
55.724218,28
55.7470869,28
55.770151,28
55.7815171,28
55.8044511,28
55.8275413,29
55.8503516,29
55.8733052,29
55.8962457,29
55.9077159,29
55.9306564,29
55.9537792,29
55.9765569,30
55.9994909,30
56.010857,30
56.0340319,30
56.0568617,30
56.0799584,30
56.1027492,30
56.1256962,30
56.1371664,30
56.1601134,30
56.1831516,30
56.2060075,30
56.2290456,30
56.2404247,30
56.2633717,30
56.2863903,31
56.3093764,31
56.3323429,31
56.3564617,31
56.3576074,31
56.3621903,31
56.3667016,31
56.3895705,31
56.412511,31
56.435458,31
56.458405,31
56.4698882,31
56.4929069,31
56.5158474,31
56.5387163,31
56.5616568,31
56.5733939,31
56.5960805,31
56.619021,31
56.641968,31
56.6649085,31
56.6878685,31
56.6993258,31
56.7222728,31
56.7452198,31
56.7682579,32
56.7911138,32
56.802584,32
56.8256612,32
56.8486734,32
56.871425,32
56.8943656,32
56.9173125,32
56.9289195,32
56.9517298,32
56.9746898,32
56.9976173,33
57.0205643,33
57.0321257,33
57.0549816,33
57.0780783,33
57.1008756,33
57.1239398,33
57.1352928,33
57.1582399,33
57.1811934,33
57.2041274,33
57.2270744,33
57.2500214,33
57.2613875,33
57.2845102,33
57.3074768,33
57.3304693,33
57.3545816,33
57.3557273,33
57.3603102,33
57.3648215,34
57.3878141,34
57.4106374,34
57.4335779,34
57.4565249,34
57.4794849,34
57.4909421,34
57.5139738,34
57.5369208,34
57.5597767,34
57.582971,34
57.5940767,34
57.6171474,34
57.6400814,34
57.6631521,34
57.6859884,34
57.7089289,34
57.7203992,34
57.7434178,34
57.7662802,34
57.7892402,34
57.8121742,34
57.8237876,34
57.846598,34
57.8696556,34
57.8924985,34
57.915439,34
57.9269288,34
57.9498562,34
57.9728878,34
57.9957437,34
58.0186907,34
58.0416378,35
58.053108,35
58.0762047,35
58.099002,35
58.121949,35
58.1449871,35
58.1563597,35
58.1793198,35
58.2024556,35
58.2251942,35
58.2481413,35
58.2710948,35
58.2826366,35
58.3055055,34
58.3285957,34
58.352708,34
58.3538537,34
58.3584366,28
58.3743531,28
58.3858103,16
58.4088549,8
58.4317108,4
58.4546513,2
58.477722,2
58.5005323,2
58.5119049,2
58.5350407,1
58.5577859,1
58.5809998,1
58.6037906,1
58.6152673,1
58.6382143,1
58.6611613,1
58.684206,1
58.7070423,1
58.7184605,1
58.7415833,1
58.7644066,1
58.7873601,1
58.8102941,1
58.8333843,1
58.8446007,1
58.867756,1
58.8906119,1
58.9135589,1
58.9365059,1
58.9480672,1
58.9709296,1
58.9938701,1
59.0169278,1
59.039647,1
59.0627046,1
59.0743246,1
59.0971219,1
59.1200689,1
59.1430094,1
59.1659564,1
59.1775634,1
59.2003736,1
59.2234183,1
59.2462677,1
59.2692147,1
59.2808802,1
59.3036319,1
59.3267156,1
59.3508279,3
59.3519736,3
59.3565565,1
59.3724729,1
59.3954134,1
59.4068837,1
59.4298307,1
59.4527777,1
59.4757312,1
59.4987628,1
59.5100118,1
59.5331606,1
59.5562313,1
59.5791197,1
59.601917,1
59.624864,1
59.6363407,1
59.6592812,1
59.6822347,1
59.7051687,1
59.7281157,1
59.7395925,1
59.7626111,1
59.7855776,1
59.8084205,1
59.8316279,1
59.8543145,1
59.8657978,1
59.8887383,1
59.9116853,1
59.9346323,1
59.9575793,1
59.969056,1
59.9920747,1
60.014937,1
60.037884,1
60.0609222,1
60.072451,1
60.0953655,1
60.1181953,1
60.1411423,1
60.1640828,1
60.1870363,1
60.1985066,1
60.2215252,1
60.2443941,1
60.2673411,1
60.2903597,1
60.3017518,1
60.3249332,1
60.3489543,3
60.3501,3
60.3546829,1
60.3707165,1
60.3935399,1
60.4164868,1
60.4280808,1
60.4509041,1
60.4738511,1
60.4967916,1
60.5197386,1
60.5312088,1
60.5542405,1
60.5772461,1
60.600141,1
60.6229904,1
60.6460546,1
60.6574077,1
60.6803612,1
60.7033016,1
60.7262487,1
60.7491891,1
60.7607896,1
60.7836129,1
60.8065469,1
60.8296371,1
60.8524474,1
60.8640218,1
60.8869493,1
60.9099289,1
60.9327587,1
60.9557057,1
60.9786592,1
60.9901164,1
61.01307,1
61.0360104,1
61.0589575,1
61.0820542,1
61.093264,1
61.1163217,1
61.1393599,1
61.1622092,1
61.1852864,1
61.2080967,1
61.2195735,1
61.2425205,1
61.2654675,1
61.2884861,1
61.311355,1
61.3229685,1
61.3470872,3
61.3482329,3
61.3528158,1
61.3687258,1
61.3916663,1
61.4147044,1
61.4259794,1
61.4491477,1
61.471984,1
61.494918,1
61.517865,1
61.5408121,1
61.5523604,1
61.5754636,1
61.5981698,1
61.6211168,1
61.6440638,1
61.6555406,1
61.6784941,1
61.7015127,1
61.7244922,1
61.7473156,1
61.7702625,1
61.781824,1
61.8046733,1
61.8277635,1
61.8505673,1
61.8735209,1
61.8849911,1
61.9079381,1
61.9308851,1
61.9538256,1
61.9768768,1
61.9998368,1
62.0111638,1
62.0341369,1
62.0570839,1
62.0801806,1
62.1029714,1
62.1144481,1
62.1373951,1
62.1603356,1
62.1832891,1
62.2062297,1
62.2176999,1
62.2408227,1
62.2637111,1
62.2866125,1
62.3094749,1
62.3325716,1
62.3450965,3
62.3462422,3
62.3508251,1
62.3668522,1
62.3897927,1
62.4127332,1
62.4356802,2
62.4471569,4
62.4701104,6
62.493051,9
62.5160891,11
62.5390556,13
62.5619636,13
62.5735901,15
62.5962962,17
62.6192497,18
62.6421902,19
62.6651372,20
62.6765098,20
62.699561,21
62.7225015,21
62.745442,21
62.768389,22
62.7799699,22
62.8029234,22
62.8258899,22
62.8487002,22
62.8716538,22
62.8945877,23
62.9061491,23
62.929018,23
62.9519585,23
62.974912,24
62.9978525,24
63.0092056,25
63.0322698,25
63.0553144,25
63.0784307,26
63.1011043,26
63.1240513,26
63.1355281,26
63.1584751,26
63.1814221,27
63.204356,27
63.2273031,27
63.2387798,27
63.2617203,27
63.2847389,27
63.3076143,27
63.3307957,27
63.354934,27
63.3560797,27
63.3606626,27
63.3650893,27
63.3879256,28
63.4108661,28
63.4338131,28
63.4567601,28
63.4682434,28
63.4911774,28
63.5141244,28
63.5370714,28
63.5600119,28
63.5717165,28
63.5946114,28
63.6174933,28
63.6403231,28
63.6632636,28
63.6862171,29
63.6976874,29
63.7206279,29
63.7435749,29
63.7665219,29
63.7894754,29
63.8010173,29
63.8240229,29
63.8468332,29
63.8698778,29
63.8928378,29
63.9157458,29
63.9270338,29
63.9500914,29
63.973045,29
63.9959789,29
64.0189259,29
64.0304808,29
64.0533432,30
64.0764399,30
64.0992372,30
64.1221842,30
64.1452158,30
64.1567122,30
64.179555,30
64.202489,30
64.225436,30
64.2483765,30
64.2598272,30
64.2828718,30
64.3057407,30
64.328831,31
64.3529367,31
64.3540824,31
64.3586653,31
64.3631831,31
64.386052,31
64.4090901,31
64.4320567,31
64.4548865,31
64.47784,31
64.4892973,31
64.5122508,31
64.5351978,31
64.5581448,31
64.5813196,31
64.5925295,31
64.6155025,31
64.6384495,31
64.6613965,31
64.6844412,32
64.7074077,32
64.7187608,32
64.7417078,32
64.7646418,31
64.7875953,31
64.8106139,31
64.8221493,31
64.8449531,31
64.8679131,32
64.8908406,32
64.9137876,32
64.9252448,32
64.9483155,32
64.9712885,32
64.9940988,32
65.0170524,32
65.040071,32
65.0514696,32
65.0745663,32
65.0973571,32
65.1203106,32
65.1432511,33
65.1547214,33
65.1776749,33
65.2006089,33
65.2236535,33
65.2466201,33
65.2695345,33
65.2809917,33
65.3038672,33
65.3269509,33
65.3510696,33
65.3522153,33
65.3567983,33
65.3727082,33
65.3841784,33
65.4071189,33
65.4300659,33
65.4530129,33
65.4759665,33
65.4989981,33
65.5103511,33
65.5333242,33
65.5562712,34
65.5793614,34
65.6022433,34
65.6137136,34
65.6365695,34
65.659523,34
65.68247,33
65.7054105,33
65.7168807,33
65.7398277,33
65.7627747,33
65.7859366,33
65.8086687,33
65.8317459,33
65.8429753,33
65.866033,33
65.8889735,33
65.911914,33
65.9349456,33
65.9463443,33
65.9692913,33
65.9922318,33
66.0151788,33
66.0381258,33
66.0612811,33
66.0726928,33
66.0954835,33
66.1184305,33
66.1413775,33
66.164318,33
66.1759315,33
66.1987353,33
66.2216823,27
66.2446228,14
66.2675698,6
66.2905884,3
66.3019871,2
66.3252856,2
66.3491895,3
66.3503353,3
66.3549182,2
66.3708346,2
66.3937686,2
66.4052388,1
66.4281858,1
66.4511328,1
66.4740864,1
66.4970203,1
66.5086208,1
66.5314441,1
66.5543846,1
66.5774748,1
66.600565,1
66.6233037,1
66.6346959,1
66.6576429,1
66.6805899,1
66.7035239,1
66.7264709,1
66.7379476,1
66.7608946,1
66.7838481,1
66.8067887,1
66.8298398,1
66.8526762,1
66.8643677,1
66.8870934,1
66.9100404,1
66.9329874,1
66.9559344,1
66.9674177,1
66.9903517,1
67.0132987,1
67.0362457,1
67.0592643,1
67.0708127,1
67.0936099,1
67.1165504,1
67.1397058,1
67.1624379,1
67.1853915,1
67.1968487,1
67.2198022,1
67.2427557,1
67.2657027,1
67.288806,1
67.3001135,1
67.3231972,1
67.3473094,3
67.3484551,3
67.353038,1
67.3689545,1
67.3918885,1
67.4150503,1
67.4261885,1
67.4492592,1
67.4722128,1
67.4951467,1
67.5180938,1
67.529564,1
67.552511,1
67.5756078,1
67.598405,1
67.6214236,1
67.644299,1
67.6557563,1
67.67884,1
67.7017544,1
67.7245973,1
67.7475508,1
67.7591512,1
67.7819745,1
67.8049151,1
67.8279988,1
67.8508026,1
67.8622793,1
67.8852198,1
67.9081603,1
67.9311073,1
67.9542561,1
67.9771055,1
67.9884781,1
68.0114251,1
68.0343656,1
68.0573126,1
68.0804093,1
68.0916192,1
68.1146768,1
68.1376239,1
68.1605709,1
68.1835244,1
68.2064584,1
68.2180523,1
68.2409668,1
68.2638226,1
68.2868412,1
68.3097101,1
68.3213301,1
68.3454424,3
68.3465881,3
68.351171,1
68.3670874,1
68.3900214,1
68.4129684,1
68.4359089,1
68.4473856,1
68.4703392,1
68.4933969,1
68.5163113,1
68.5391672,1
68.5506374,1
68.5737342,1
68.5965314,1
68.6195501,1
68.6425036,1
68.6538957,1
68.6768492,1
68.6997832,1
68.7227302,1
68.7456707,1
68.7687414,1
68.7801986,1
68.803035,1
68.8261252,1
68.8490071,1
68.8718825,1
68.8833397,1
68.9062932,1
68.9292337,1
68.9521807,1
68.9751408,1
68.9980747,1
69.0096687,1
69.0326092,1
69.0555367,1
69.0786139,1
69.10132,1
69.1128033,1
69.1357503,1
69.1586908,1
69.1816443,1
69.2045848,1
69.2160615,1
69.239002,1
69.261949,1
69.2849677,1
69.3080383,1
69.3310179,1
69.3434386,3
69.3445843,3
69.3491672,1
69.3652073,1
69.3881478,1
69.4110883,1
69.4340353,1
69.4455121,1
69.4684656,1
69.4913996,1
69.5143466,1
69.5372936,1
69.5602406,1
69.5719712,1
69.5946578,1
69.617696,1
69.6406235,1
69.6634859,1
69.6750863,1
69.6979096,1
69.7208501,1
69.7437971,1
69.7667441,1
69.7896976,1
69.8011549,1
69.8242516,1
69.847166,1
69.8700024,1
69.8930405,1
69.9044131,1
69.9273602,1
69.9503006,1
69.9733453,1
69.9962012,1
70.0075738,1
70.0306184,1
70.0535654,1
70.0766622,1
70.0994594,1
70.1225236,1
70.1338702,1
70.1569148,1
70.1797707,1
70.2027112,1
70.2256582,1
70.2371285,1
70.2600754,1
70.2830941,1
70.305963,1
70.3290532,1
70.3531654,3
70.3543112,3
70.3588941,1
70.3634053,1
70.3863914,1
70.4092213,1
70.4322594,1
70.4551087,1
70.466592,1
70.489526,3
70.512473,5
70.53542,7
70.558367,9
70.569987,11
70.5927843,13
70.6157313,16
70.6387499,17
70.6618271,18
70.6845788,18
70.6961337,19
70.7189896,20
70.7419235,20
70.764877,21
70.7878306,22
70.7992878,22
70.8223845,22
70.8451883,23
70.86822,23
70.8910758,24
70.9140228,24
70.9254931,24
70.9484336,24
70.9714912,25
70.9943406,25
71.0172811,25
71.0287513,26
71.0516984,26
71.0747951,26
71.0976705,26
71.1205329,26
71.1434799,26
71.1549501,26
71.1779036,26
71.2009678,26
71.2237912,26
71.2468293,27
71.2580782,27
71.281227,27
71.3040959,27
71.3272708,27
71.3512984,27
71.3524441,27
71.357027,27
71.3615383,27
71.3844072,27
71.4073477,27
71.4303012,28
71.4532417,28
71.4763124,28
71.4876589,28
71.5106059,28
71.5336441,28
71.5565,28
71.5795902,28
71.5908,28
71.6138642,28
71.6368047,28
71.6598233,28
71.6826987,28
71.7056392,28
71.7171095,28
71.7401736,28
71.7630035,28
71.785957,28
71.8089886,28
71.8205109,28
71.8433147,28
71.8662682,29
71.8892022,29
71.9121492,29
71.9350963,29
71.9465665,29
71.96952,29
71.9925386,29
72.0155312,29
72.0383545,29
72.0498248,29
72.0730127,30
72.0957188,30
72.1186593,30
72.1416063,30
72.1530831,30
72.1760431,30
72.1989706,30
72.2219176,30
72.2448646,30
72.2678116,30
72.2794771,31
72.3022223,31
72.325306,31
72.3495224,31
72.3506682,31
72.355251,31
72.3710764,31
72.3825271,31
72.4054806,31
72.4284211,31
72.4513681,31
72.4743216,31
72.4972621,31
72.5088625,31
72.5316728,31
72.5547435,31
72.5777101,31
72.6005139,31
72.6120752,31
72.6349311,31
72.6579497,31
72.6809163,31
72.7037656,31
72.7152424,31
72.7381829,31
72.7611299,31
72.7840834,31
72.8070174,31
72.8302248,31
72.8413305,31
72.8643947,31
72.8875044,31
72.9102757,32
72.9332227,32
72.9446929,32
72.9676464,32
72.9905869,32
73.0135339,32
73.036481,32
73.059428,32
73.0710479,32
73.0939624,32
73.1168768,32
73.1397392,33
73.1627708,33
73.1740328,33
73.197097,33
73.220044,33
73.242991,33
73.265938,33
73.2889566,33
73.3003487,33
73.323439,33
73.3476358,33
73.3487816,33
73.3533644,33
73.3693134,33
73.3921237,33
73.403607,33
73.426554,33
73.4495921,33
73.472448,33
73.4953885,33
73.5067611,33
73.5298058,33
73.5527463,33
73.575843,33
73.5986403,33
73.6215873,33
73.6331747,33
73.6560045,33
73.6790362,33
73.7018921,33
73.7249302,33
73.7363093,33
73.7592628,33
73.7822098,33
73.8051503,33
73.8282405,33
73.8510443,33
73.8625211,33
73.8854551,33
73.9085193,33
73.9313491,33
73.9542896,33
73.9657729,33
73.9888045,33
74.011745,33
74.0346074,33
74.0575544,33
74.0806511,33
74.0918675,33
74.1149186,33
74.1378591,33
74.1608061,28
74.1838768,17
74.1952169,8
74.2181639,5
74.2411109,3
74.2641491,2
74.2870765,2
74.2984686,1
74.3215589,1
74.3456711,4
74.3468168,4
74.3513997,1
74.3673162,1
74.3902502,1
74.4131972,1
74.4247911,1
74.4477316,1
74.4705679,1
74.4935084,1
74.5164554,1
74.5280168,1
74.5508727,1
74.5738522,1
74.5967602,1
74.6197007,1
74.6426477,1
74.6540138,1
74.677065,1
74.7000966,1
74.7230761,1
74.745906,1
74.7573762,1
74.7803297,1
74.8033614,1
74.8263539,1
74.8491577,1
74.8605303,1
74.883575,1
74.9065936,1
74.929469,1
74.952416,1
74.975363,1
74.9869439,1
75.0097737,1
75.0327273,1
75.0556678,1
75.0788621,1
75.0900915,1
75.113032,1
75.1360637,1
75.158926,1
75.1818796,1
75.2048201,1
75.2162903,1
75.2392308,1
75.2623015,1
75.285203,1
75.3080653,1
75.3196853,1
75.3438952,4
75.3450409,4
75.3496238,1
75.3655272,1
75.3883766,1
75.4113236,1
75.4342706,1
75.4458645,1
75.4686943,1
75.4916348,1
75.5145819,1
75.5376395,1
75.5489926,1
75.5720893,1
75.5948866,1
75.6179313,1
75.6407741,1
75.6522508,1
75.6752044,1
75.698223,1
75.7210854,1
75.7440324,1
75.7669794,1
75.7785864,1
75.8015138,1
75.8244804,1
75.8472907,1
75.8702442,1
75.8817991,1
75.9046549,1
75.9275954,1
75.9505359,1
75.9734959,1
75.9964299,1
76.0079067,1
76.0309253,1
76.0537942,1
76.0770081,1
76.0996882,1
76.1110413,1
76.1341055,1
76.1571436,1
76.180006,1
76.2029465,1
76.2258935,1
76.2373507,1
76.2603042,1
76.2833229,1
76.3061917,1
76.3292819,1
76.3420411,4
76.3431869,4
76.3477698,1
76.363569,1
76.386503,1
76.40945,1
76.4324882,1
76.4437501,1
76.4668208,1
76.4897613,1
76.5127018,1
76.5356488,1
76.5585958,1
76.5702158,1
76.593013,1
76.6160707,1
76.6389005,1
76.6618475,1
76.6733308,1
76.6963429,1
76.7193941,1
76.7421588,1
76.7651058,1
76.7880528,1
76.7995231,1
76.8226133,1
76.8454171,1
76.8683641,1
76.8914218,1
76.9027749,1
76.9257935,1
76.9486623,1
76.9716159,1
76.9946475,1
77.0060266,1
77.0289736,1
77.0519271,1
77.0750238,1
77.0978146,1
77.1207616,1
77.1322319,1
77.1553807,1
77.1781324,1
77.2010664,1
77.2240134,1
77.2354901,1
77.2585283,1
77.2814558,1
77.3043182,1
77.3274084,1
77.3515206,4
77.3526663,4
77.3572492,1
77.361715,1
77.3847141,1
77.4075764,1
77.4306406,1
77.4534704,1
77.4649472,1
77.4878812,1
77.5108282,1
77.5338663,1
77.5567222,1
77.5798124,1
77.5911394,1
77.61408,1
77.637027,1
77.659974,1
77.6829275,1
77.6943847,1
77.7174229,1
77.7402787,1
77.7632322,1
77.7861858,1
77.7977407,1
77.8207332,1
77.8435435,1
77.866497,1
77.889431,1
77.912378,1
77.9238483,1
77.9467888,1
77.9698595,1
77.9926828,1
78.0156233,1
78.0272107,1
78.0501251,1
78.0732414,1
78.095941,1
78.1188881,1
78.1418285,1
78.1533053,1
78.1762588,1
78.1991928,1
78.2221398,1
78.245204,1
78.2565571,1
78.2795757,1
78.3024446,1
78.3255348,1
78.3497447,4
78.3508904,4
78.3554733,1
78.3712921,1
78.4286499,1
78.4515904,1
78.4745504,2
78.4860076,5
78.5090783,7
78.5319081,10
78.5548552,12
78.5779453,14
78.5892724,15
78.612317,17
78.6351599,18
78.6581069,18
78.6810539,18
78.7039944,18
78.7155493,18
78.7385028,19
78.7613587,19
78.7844294,19
78.8072527,19
78.8188661,20
78.8416699,20
78.8646235,21
78.8876551,21
78.9105044,21
78.9334515,22
78.9448956,22
78.9678817,22
78.9908157,22
79.0137562,23
79.0367032,24
79.0482972,24
79.0712767,24
79.094074,24
79.1170145,24
79.1399615,24
79.1515229,25
79.1744764,25
79.1973258,25
79.2202728,25
79.2432198,25
79.2661668,26
79.277598,26
79.3005775,26
79.3237849,26
79.34778,26
79.3489257,26
79.3535086,26
79.369425,26
79.3808823,26
79.4039204,26
79.4268739,26
79.4497233,26
79.4726768,27
79.4956173,27
79.5070875,27
79.5300346,27
79.5529816,27
79.5760718,27
79.5989863,27
79.610131,27
79.6332863,27
79.6562333,27
79.6791869,27
79.7022185,27
79.7251459,27
79.7366292,27
79.7594851,27
79.7824386,27
79.8053791,27
79.8284628,27
79.8397964,27
79.8628736,27
79.8856839,27
79.9086309,27
79.9315779,28
79.942944,28
79.9660993,28
79.9889486,28
80.0118826,28
80.0348296,28
80.0577766,28
80.0694812,28
80.0922004,28
80.1151409,29
80.1382116,29
80.1610349,29
80.1725182,29
80.1954587,29
80.2184057,29
80.2414438,29
80.2642932,29
80.2873118,29
80.2987104,29
80.3217941,29
80.3459129,29
80.3470586,29
80.3516415,29
80.3675515,29
80.390492,29
80.4020794,29
80.4249092,29
80.4478562,30
80.4708097,30
80.4937437,30
80.5053051,30
80.528161,30
80.551108,30
80.5741982,30
80.5969955,30
80.619949,30
80.6314193,30
80.6543598,30
80.677437,30
80.7002473,30
80.7232008,30
80.7347491,30
80.7577026,30
80.7806627,30
80.8035055,30
80.8265957,30
80.8493996,30
80.861013,30
80.8838233,30
80.9067638,30
80.9297108,30
80.952775,30
80.9642192,30
80.987062,31
81.0100091,31
81.0329561,31
81.0559942,31
81.0790779,31
81.0903268,31
81.1132738,31
81.1362208,31
81.1591613,31
81.1821149,31
81.1935526,31
81.2166428,32
81.2394726,32
81.2624196,32
81.2854382,32
81.2968304,32
81.3200182,32
81.3440328,32
81.3451786,32
81.3497614,32
81.3656779,32
81.3886119,32
81.4115654,32
81.4231203,32
81.4459761,32
81.4689296,32
81.4919873,32
81.5148172,32
81.5264241,32
81.5492344,32
81.5723247,32
81.5952196,32
81.6180754,32
81.6410159,32
81.6524862,32
81.6754397,32
81.6983802,32
81.7213207,32
81.7443393,32
81.7559397,32
81.7786915,32
81.8016319,32
81.8247222,32
81.847526,32
81.8705771,32
81.8819432,32
81.9048902,32
81.9278372,32
81.9507777,32
81.9738159,32
81.985195,32
82.0081355,32
82.0312062,32
82.0540295,32
82.0771262,32
82.0885314,32
82.1114003,32
82.1344449,32
82.1572943,32
82.1802413,32
82.2032599,32
82.214652,31
82.237599,31
82.260546,27
82.2835647,16
82.3065507,8
82.3180405,8
82.3421528,4
82.3432985,4
82.3478814,2
82.3637978,1
82.3867318,1
82.4097765,1
82.4327105,1
82.4439919,1
82.4670561,1
82.4899901,1
82.5129306,1
82.5358776,1
82.5473478,1
82.5705617,1
82.5932418,1
82.6161889,1
82.6391358,1
82.6506061,1
82.6736573,1
82.6964936,1
82.7193299,1
82.7423876,1
82.7654192,1
82.7767984,1
82.7997519,1
82.8228356,1
82.8457631,1
82.8685994,1
82.8800566,1
82.9030101,1
82.9259572,1
82.9489953,1
82.9718512,1
82.9947852,1
83.0062554,1
83.0292024,1
83.0521494,1
83.0752461,1
83.0981281,1
83.1095267,1
83.1324672,1
83.1554077,1
83.1783612,1
83.2013017,1
83.2243398,1
83.2357189,1
83.258666,1
83.2816846,1
83.3045535,1
83.3276437,1
83.3402792,4
83.3414249,4
83.3460078,1
83.3619242,1
83.3849819,1
83.4078117,1
83.4307522,1
83.4424308,1
83.465176,1
83.4882141,1
83.5110635,1
83.5340105,1
83.5569575,1
83.5685775,1
83.5913683,1
83.6143153,1
83.6372623,1
83.6603265,1
83.6716795,1
83.6946265,1
83.7175735,1
83.740514,1
83.7636368,1
83.7864992,1
83.7978783,1
83.8209685,1
83.8437723,1
83.8667258,1
83.8896663,1
83.9011366,1
83.9242008,1
83.9470306,1
83.9699776,1
83.9929962,1
84.0158586,1
84.0275502,1
84.0502758,1
84.0733726,1
84.0961699,1
84.1191168,1
84.1305936,1
84.1535341,1
84.1764877,1
84.1995453,1
84.2224533,1
84.2338454,1
84.2567924,1
84.279811,1
84.3027775,1
84.3257636,1
84.3498759,4
84.3510216,4
84.3556045,1
84.3600116,1
84.3829912,1
84.4059317,1
84.4288852,1
84.4519038,1
84.4634261,1
84.4862364,1
84.5091899,1
84.5321369,1
84.5550774,1
84.5782653,1
84.5894947,1
84.6124417,1
84.6353887,1
84.6583292,1
84.6812827,1
84.6928767,1
84.715687,1
84.7387576,1
84.7615875,1
84.7846191,1
84.7960894,1
84.819095,1
84.8419964,1
84.8648523,1
84.8877862,1
84.9107333,1
84.92221,1
84.9451505,1
84.968104,1
84.9910445,1
85.0141022,1
85.0253446,1
85.0484023,1
85.071499,1
85.0942963,1
85.1174191,1
85.1401903,1
85.1516605,1
85.1746141,1
85.1975546,1
85.2204951,1
85.2434421,1
85.2549188,1
85.2780546,1
85.3008063,1
85.3238966,1
85.3480088,4
85.3491545,4
85.3537374,1
85.3696538,1
85.3812087,1
85.4040581,1
85.4270051,1
85.4499521,1
85.4729056,1
85.4843628,1
85.5073164,1
85.5302569,1
85.5533276,1
85.5763006,1
85.5876211,1
85.6105681,1
85.6335151,1
85.6565533,1
85.6794157,1
85.7023496,1
85.7138199,1
85.7367669,1
85.7597139,1
85.7827455,1
85.8056925,1
85.8173386,1
85.8400252,1
85.8629787,1
85.8859192,1
85.9088597,1
85.9319043,1
85.9431728,1
85.9662304,1
85.9891709,1
86.0121896,1
86.0350519,1
86.0465287,1
86.0696254,1
86.0925399,1
86.1153632,1
86.1383167,1
86.1612637,1
86.1727405,1
86.1956745,1
86.2187191,1
86.2416531,1
86.2645155,1
86.2759597,1
86.2989328,1
86.322023,1
86.3461352,4
86.347281,4
86.3518638,1
86.3678909,1
86.379244,1
86.4021845,1
86.4251315,1
86.4480785,1
86.4711167,1
86.4940637,1
86.5054428,1
86.5283898,1
86.5513303,3
86.574427,5
86.5972243,7
86.6085774,10
86.6317587,11
86.6545886,12
86.6775421,13
86.7004826,14
86.7234296,14
86.7348998,16
86.757938,18
86.7808004,20
86.803819,20
86.8268246,20
86.8381581,20
86.8611051,20
86.8840521,20
86.9071098,20
86.9299396,20
86.9413122,21
86.9643634,21
86.9872974,21
87.0102444,22
87.0332825,23
87.0561319,23
87.0677584,23
87.0905557,23
87.1134962,23
87.1365278,23
87.1593967,23
87.1709906,23
87.1938009,23
87.2167544,23
87.2397014,23
87.2626485,23
87.285667,24
87.2971633,24
87.3201559,24
87.3442682,24
87.3454139,24
87.3499968,24
87.3659132,24
87.3888472,24
87.4003174,24
87.4232645,25
87.4463287,25
87.469165,25
87.492099,25
87.515046,25
87.5266464,25
87.5494697,25
87.5726511,25
87.5953573,25
87.6182977,25
87.6297745,25
87.6527215,25
87.675675,25
87.698609,25
87.7216732,26
87.7330263,26
87.7559733,26
87.7789268,26
87.8019389,26
87.8250356,26
87.8478459,27
87.8591144,27
87.882172,27
87.9051191,27
87.9280661,27
87.9510131,27
87.9624898,27
87.9855475,27
88.0083708,27
88.0313894,27
88.0542583,27
88.0773551,27
88.0886821,27
88.1116226,27
88.1346607,28
88.1575231,28
88.1804766,28
88.1918297,28
88.2148874,28
88.2378279,28
88.2609832,28
88.2837935,28
88.3066624,28
88.3182758,28
88.3423946,28
88.3435403,28
88.3481232,28
88.3640331,28
88.3869736,28
88.4100118,28
88.4213909,29
88.4443379,29
88.4672914,29
88.49031,29
88.5131724,29
88.52489,29
88.5475897,29
88.5706864,29
88.5934772,29
88.6164242,29
88.6393712,29
88.6508414,29
88.6738926,29
88.6967354,29
88.7196824,29
88.742623,29
88.7540997,29
88.7770532,29
88.8001109,29
88.8231621,29
88.8458812,30
88.8688347,30
88.880292,30
88.9032455,30
88.9261925,30
88.9492372,30
88.972093,30
88.9835502,30
89.0065038,30
89.0294443,30
89.0523913,30
89.0756052,30
89.0868085,30
89.1097555,30
89.132696,30
89.1557342,30
89.1786031,30
89.2015436,31
89.2130984,31
89.2359543,31
89.2589013,31
89.2819199,31
89.3047888,31
89.3164023,31
89.3406382,31
89.3417839,31
89.3463668,31
89.3621596,31
89.3851001,31
89.4080471,31
89.4309876,31
89.4423407,31
89.4654113,31
89.4884495,31
89.5112988,31
89.5342459,31
89.5457161,31
89.5688128,31
89.5916036,31
89.6146678,31
89.6374976,31
89.6604446,31
89.6719214,31
89.6948619,31
89.7178024,31
89.7407494,31
89.763794,31
89.7750429,31
89.7981136,31
89.821282,31
89.8440923,31
89.8669677,31
89.8785486,31
89.9013719,31
89.9243189,31
89.9472594,32
89.9702194,32
89.9931599,32
90.0046172,32
90.0275707,32
90.0506934,32
90.0736079,32
90.0964052,32
90.1080122,32
90.1308224,32
90.1538866,32
90.1767295,32
90.1996634,32
90.2226105,32
90.2340807,31
90.2570277,31
90.280131,32
90.3029152,32
90.3261031,32
90.3386409,31
90.3397867,31
90.3443696,31
90.360286,31
90.3832265,31
90.4061735,31
90.4292377,31
90.4404801,31
90.4635443,31
90.4864848,29
90.5095034,22
90.5323723,14
90.5553128,10
90.5669327,9
90.5898277,7
90.612677,7
90.6356241,7
90.6585711,7
90.6700478,8
90.6931055,8
90.7159288,8
90.7388758,8
90.7618163,8
90.7847763,8
90.7962336,8
90.8193303,8
90.8422122,8
90.8651787,9
90.8880281,9
90.8994853,9
90.9224388,9
90.9453859,9
90.968463,9
90.9912733,9
91.0142269,9
91.0258208,9
91.0486441,9
91.0716237,9
91.0945316,9
91.1174721,9
91.1290335,9
91.1518894,9
91.1749275,9
91.1977834,9
91.2207304,9
91.2323243,9
91.2551542,9
91.2781728,9
91.3010352,9
91.3241254,9
91.3482376,9
91.3493834,9
91.3539662,9
91.3583734,9
91.3813529,9
